0.000000
-3.406404
5.979507
0.000000
-1.126865
7.475604
0.000000
-2.089024
6.058267
-0.463928
0.955357
6.633583
0.000000
-0.463170
7.586580
0.000000
0.365669
7.242870
0.000000
2.473255
5.788627
-4.253081
2.577646
3.279702
0.000000
4.019042
5.284764
0.000000
4.885979
5.385258
0.000000
8.261778
4.481535
0.000000
-3.706811
5.864924
0.000000
-3.918301
5.569430
0.000000
-3.994436
5.219482
0.000000
-4.542400
5.404754
0.000000
-4.745577
5.529457
0.000000
-5.019567
5.601448
0.000000
-5.365123
5.535441
0.000000
-6.149624
5.071372
0.000000
-1.501095
7.112196
-0.416106
-1.466449
6.447657
-7.087960
5.434801
0.099620
-2.628639
2.035898
3.848121
-3.198363
1.985815
3.796952
-3.775151
2.039402
3.646194
-4.465819
2.422950
3.155168
-2.164289
2.189867
3.851822
-3.208229
3.223926
4.115822
-2.673803
3.205337
4.092203
-3.745193
3.165286
3.972409
-4.161018
3.059069
3.719554
-5.062006
1.934418
2.776093
-5.062006
1.934418
2.776093
